Debug!

10000

10000

20000000

{sword=1, health potion=10000}

200

OpenWorld

true

NoDelay

null

0

null

null

4 1 1 1 2 
0 0 0 1 1 
8 1 1 1 6 
0 0 1 1 2 
0 3 1 1 9 

0 0 0 8 0 1 0 
0 0 2 1 1 1 6 
0 0 0 1 1 0 0 
0 0 1 1 1 3 0 
0 0 0 0 1 1 0 
0 0 0 1 1 1 0 
0 0 4 1 9 1 2 

0 0 8 0 1 1 0 
0 0 3 1 1 1 0 
0 0 0 4 1 1 0 
0 0 2 1 1 1 1 
0 0 6 1 1 1 1 
0 0 0 2 2 0 1 
0 0 0 0 0 0 9 

0 0 0 0 0 0 0 
2 3 0 0 0 0 0 
1 1 1 2 0 0 0 
8 0 1 1 2 0 0 
0 1 1 1 4 0 0 
0 0 1 1 6 0 0 
0 1 1 1 9 0 0 

0 0 0 0 0 0 0 0 0 
0 3 0 0 0 0 0 0 0 
1 1 4 0 0 0 0 0 0 
8 0 2 6 0 0 0 0 0 
0 1 1 1 0 0 0 0 0 
1 1 1 0 0 0 0 0 0 
1 1 1 1 0 0 0 0 0 
1 1 1 1 1 2 0 0 0 
1 1 0 1 9 0 0 0 0 

0 0 0 0 1 1 0 0 0 
0 0 2 3 1 1 1 0 0 
0 0 1 0 1 1 1 0 0 
8 1 1 1 1 1 1 0 0 
0 1 0 1 0 1 0 0 0 
0 4 0 1 2 1 6 0 0 
0 0 0 0 1 1 1 0 0 
0 0 0 0 1 0 1 0 0 
0 0 0 0 0 0 9 0 0 

0 0 0 0 0 0 0 0 0 
0 0 0 0 0 0 0 8 0 
0 0 0 0 0 3 1 1 1 
0 0 0 2 0 1 1 1 0 
0 0 0 1 1 1 1 1 0 
0 0 0 0 6 4 1 0 0 
0 0 0 1 0 1 1 1 1 
0 0 1 1 1 1 1 1 2 
0 0 9 1 1 1 0 0 0 

0 0 0 0 0 0 8 0 0 0 0 
0 0 0 0 0 1 1 0 0 0 0 
0 0 0 0 0 2 1 1 0 0 0 
0 0 0 0 1 1 1 0 1 0 0 
0 0 0 0 3 0 1 1 1 4 0 
0 0 0 0 0 0 1 1 1 0 0 
0 0 0 0 0 0 1 1 0 0 0 
0 0 0 0 6 2 1 1 1 0 0 
0 0 0 0 1 1 1 1 0 0 0 
0 0 0 0 0 1 1 1 1 0 0 
0 0 0 0 0 9 1 0 0 0 0 

[[[[]]]]

2

1

1

null

OpenWorld

false

false

false

false

false

false

false

false

false

false

false

false

false

false

false

false

0 0 0 0 0 
0 0 0 0 0 
0 0 0 0 0 
0 0 0 0 0 
0 0 0 0 0 

0 0 0 0 0 0 0 
0 0 0 0 0 0 0 
0 0 0 0 0 0 0 
0 0 0 0 0 0 0 
0 0 0 0 0 0 0 
0 0 0 0 0 0 0 
0 0 0 0 0 0 0 

0 0 0 0 0 0 0 
0 0 0 0 0 0 0 
0 0 0 0 0 0 0 
0 0 0 0 0 0 0 
0 0 0 0 0 0 0 
0 0 0 0 0 0 0 
0 0 0 0 0 0 0 

0 0 0 0 0 0 0 
0 0 0 0 0 0 0 
0 0 0 0 0 0 0 
0 0 0 0 0 0 0 
0 0 0 0 0 0 0 
0 0 0 0 0 0 0 
0 0 0 0 0 0 0 

0 0 0 0 0 0 0 0 0 
0 0 0 0 0 0 0 0 0 
0 0 0 0 0 0 0 0 0 
0 0 0 0 0 0 0 0 0 
0 0 0 0 0 0 0 0 0 
0 0 0 0 0 0 0 0 0 
0 0 0 0 0 0 0 0 0 
0 0 0 0 0 0 0 0 0 
0 0 0 0 0 0 0 0 0 

0 0 0 0 0 0 0 0 0 
0 0 0 0 0 0 0 0 0 
0 0 0 0 0 0 0 0 0 
0 0 0 0 0 0 0 0 0 
0 0 0 0 0 0 0 0 0 
0 0 0 0 0 0 0 0 0 
0 0 0 0 0 0 0 0 0 
0 0 0 0 0 0 0 0 0 
0 0 0 0 0 0 0 0 0 

0 0 0 0 0 0 0 0 0 
0 0 0 0 0 0 0 0 0 
0 0 0 0 0 0 0 0 0 
0 0 0 0 0 0 0 0 0 
0 0 0 0 0 0 0 0 0 
0 0 0 0 0 0 0 0 0 
0 0 0 0 0 0 0 0 0 
0 0 0 0 0 0 0 0 0 
0 0 0 0 0 0 0 0 0 

0 0 0 0 0 0 0 0 0 0 0 
0 0 0 0 0 0 0 0 0 0 0 
0 0 0 0 0 0 0 0 0 0 0 
0 0 0 0 0 0 0 0 0 0 0 
0 0 0 0 0 0 0 0 0 0 0 
0 0 0 0 0 0 0 0 0 0 0 
0 0 0 0 0 0 0 0 0 0 0 
0 0 0 0 0 0 0 0 0 0 0 
0 0 0 0 0 0 0 0 0 0 0 
0 0 0 0 0 0 0 0 0 0 0 
0 0 0 0 0 0 0 0 0 0 0 
