1

null

-9

160

453

{sword=1, shield=1, heart container=1, full armor kit=1, better sword=1, ninja armor=1, greater health potion=2, chainmail set=1, knight armor=1, health potion=2, key=3, axe=1}

35

null

false

Normal

Mountain Top

0

10 6 

10 6 

0 3 0 1 0 
2 1 1 1 8 
1 1 1 1 0 
1 1 1 1 0 
9 6 2 4 0 

0 0 0 2 0 8 0 
0 0 0 1 1 1 1 
0 0 1 1 1 1 0 
0 0 2 4 1 1 1 
0 0 0 6 1 0 0 
0 0 3 1 1 1 0 
0 0 0 0 9 0 0 

0 0 6 0 0 0 0 
0 0 1 3 1 0 0 
0 0 1 1 1 1 8 
0 1 1 1 1 2 0 
1 1 1 4 1 0 0 
2 1 0 0 0 0 0 
9 1 1 1 2 0 0 

0 0 0 0 0 0 0 
0 0 0 0 0 0 0 
8 0 1 2 0 0 0 
1 1 1 0 0 0 0 
1 6 1 2 4 0 0 
1 1 1 1 1 0 0 
0 1 1 1 1 9 3 

0 0 0 0 0 0 0 0 0 
0 0 0 0 0 0 0 0 8 
0 0 0 0 0 0 0 1 1 
0 1 0 0 0 1 1 1 1 
0 1 1 1 1 2 1 1 1 
0 1 1 1 1 1 1 0 0 
1 1 1 1 1 1 1 1 4 
1 3 0 0 2 6 1 0 0 
9 0 0 0 0 0 0 0 0 

0 0 8 1 1 1 1 0 0 
0 0 0 4 1 2 6 1 0 
0 0 0 1 1 1 1 1 1 
0 0 0 1 1 1 1 1 0 
0 0 0 1 1 0 1 1 0 
0 0 0 0 1 2 0 1 1 
0 0 0 0 3 0 0 1 1 
0 0 0 0 0 0 0 1 0 
0 0 0 0 0 0 0 1 9 

8 0 0 0 0 0 0 0 0 
1 1 0 0 0 0 0 0 0 
1 0 0 0 0 0 0 0 0 
1 1 1 0 6 0 0 0 0 
1 1 1 1 1 3 0 0 0 
1 1 1 2 0 0 0 0 0 
1 2 1 1 1 4 0 0 0 
1 1 1 1 0 0 0 0 0 
1 0 1 9 0 0 0 0 0 

0 0 0 0 0 0 0 0 0 0 0 
0 0 0 0 0 0 0 0 0 0 8 
0 0 0 0 0 0 0 1 1 1 1 
0 0 0 0 0 0 0 0 0 0 1 
0 0 0 0 0 0 0 0 0 0 1 
0 0 0 0 0 0 0 0 0 1 1 
0 0 0 2 1 0 0 1 1 1 1 
0 0 0 0 1 1 3 1 1 1 1 
0 0 0 0 0 1 1 1 1 1 4 
0 0 0 0 6 1 1 1 1 0 0 
0 0 0 2 1 1 9 1 0 0 0 

0

1

0

north

null

false

false

false

false

false

false

false

false

false

false

false

false

false

false

false

false

0 0 0 0 0 
0 0 0 0 0 
0 0 0 0 0 
0 0 0 0 0 
0 0 0 0 0 

0 0 0 0 0 0 0 
0 0 0 0 0 0 0 
0 0 0 0 0 0 0 
0 0 0 0 0 0 0 
0 0 0 0 0 0 0 
0 0 0 0 0 0 0 
0 0 0 0 0 0 0 

0 0 0 0 0 0 0 
0 0 0 0 0 0 0 
0 0 0 0 0 0 0 
0 0 0 0 0 0 0 
0 0 0 0 0 0 0 
0 0 0 0 0 0 0 
0 0 0 0 0 0 0 

0 0 0 0 0 0 0 
0 0 0 0 0 0 0 
0 0 0 0 0 0 0 
0 0 0 0 0 0 0 
0 0 0 0 0 0 0 
0 0 0 0 0 0 0 
0 0 0 0 0 0 0 

0 0 0 0 0 0 0 0 0 
0 0 0 0 0 0 0 0 0 
0 0 0 0 0 0 0 0 0 
0 0 0 0 0 0 0 0 0 
0 0 0 0 0 0 0 0 0 
0 0 0 0 0 0 0 0 0 
0 0 0 0 0 0 0 0 0 
0 0 0 0 0 0 0 0 0 
0 0 0 0 0 0 0 0 0 

0 0 0 0 0 0 0 0 0 
0 0 0 0 0 0 0 0 0 
0 0 0 0 0 0 0 0 0 
0 0 0 0 0 0 0 0 0 
0 0 0 0 0 0 0 0 0 
0 0 0 0 0 0 0 0 0 
0 0 0 0 0 0 0 0 0 
0 0 0 0 0 0 0 0 0 
0 0 0 0 0 0 0 0 0 

0 0 0 0 0 0 0 0 0 
0 0 0 0 0 0 0 0 0 
0 0 0 0 0 0 0 0 0 
0 0 0 0 0 0 0 0 0 
0 0 0 0 0 0 0 0 0 
0 0 0 0 0 0 0 0 0 
0 0 0 0 0 0 0 0 0 
0 0 0 0 0 0 0 0 0 
0 0 0 0 0 0 0 0 0 

0 0 0 0 0 0 0 0 0 0 0 
0 0 0 0 0 0 0 0 0 0 0 
0 0 0 0 0 0 0 0 0 0 0 
0 0 0 0 0 0 0 0 0 0 0 
0 0 0 0 0 0 0 0 0 0 0 
0 0 0 0 0 0 0 0 0 0 0 
0 0 0 0 0 0 0 0 0 0 0 
0 0 0 0 0 0 0 0 0 0 0 
0 0 0 0 0 0 0 0 0 0 0 
0 0 0 0 0 0 0 0 0 0 0 
0 0 0 0 0 0 0 0 0 0 0 

null

broad sword, 

null

great sword, greater health potion, 

null

null

null

null
