1

sdfjsqad

100

100

20

{sword=1}

20

OpenWorld

true

NoDelay

null

0

10 1 

10 1 

8 0 1 1 1 
1 1 1 1 1 
2 3 1 1 1 
0 0 2 6 1 
0 0 0 4 9 

0 0 0 0 0 8 0 
0 0 0 0 6 1 1 
0 0 0 3 1 1 0 
0 0 2 0 0 1 1 
0 2 1 1 0 1 1 
0 0 4 1 1 1 1 
0 0 0 0 1 0 9 

0 0 0 0 2 0 0 
0 6 2 1 1 0 0 
1 1 1 1 1 0 8 
0 0 1 0 3 1 2 
0 1 1 1 0 1 1 
1 1 1 1 0 4 0 
9 0 0 1 0 0 0 

0 0 0 0 0 0 0 
0 0 0 0 0 0 0 
0 0 0 0 0 0 0 
0 0 0 2 4 0 8 
0 0 1 1 1 1 1 
6 3 1 2 1 1 1 
1 1 9 1 1 1 1 

0 0 0 0 0 0 0 0 0 
0 0 0 2 0 0 0 0 0 
0 0 2 1 6 0 0 0 0 
0 0 0 1 0 1 3 1 1 
0 0 1 1 1 1 1 0 8 
0 0 0 1 1 1 4 0 0 
0 0 1 0 1 1 0 0 0 
1 1 1 1 1 0 0 0 0 
1 9 1 1 0 0 0 0 0 

0 0 0 0 0 0 0 0 0 
8 0 0 0 0 0 0 0 0 
1 1 0 0 0 0 0 0 0 
1 1 1 2 0 6 0 0 0 
1 2 1 1 1 1 0 0 0 
1 1 1 0 0 1 1 0 0 
1 0 3 0 0 4 0 0 0 
1 1 1 1 0 0 0 0 0 
1 1 1 1 9 0 0 0 0 

0 0 0 0 0 0 0 0 0 
0 0 0 0 0 0 0 0 0 
0 0 0 0 0 0 2 0 0 
0 0 0 0 0 1 1 1 2 
0 0 0 0 0 0 1 1 0 
0 0 4 0 6 1 1 1 1 
0 8 1 1 1 1 1 1 1 
0 0 0 1 1 1 0 1 1 
0 0 0 0 0 3 1 1 9 

0 0 0 8 0 0 0 0 0 0 0 
0 0 1 1 0 0 0 0 0 0 0 
0 0 1 1 0 0 0 0 0 0 0 
0 0 0 1 1 0 0 0 0 0 0 
0 3 1 1 1 0 0 0 0 0 0 
0 1 1 1 0 1 1 0 0 0 0 
0 0 1 1 1 1 0 0 0 0 0 
0 0 1 2 1 0 0 0 0 0 0 
0 0 2 4 1 1 1 0 0 0 0 
0 0 0 6 1 1 1 1 1 0 0 
0 0 0 1 1 0 9 0 0 0 0 

2

74

74

east

OpenWorld

false

false

false

false

false

false

false

false

false

false

false

false

false

false

false

false

0 0 0 0 0 
0 0 0 0 0 
0 0 0 0 0 
0 0 0 0 0 
0 0 0 0 0 

0 0 0 0 0 0 0 
0 0 0 0 0 0 0 
0 0 0 0 0 0 0 
0 0 0 0 0 0 0 
0 0 0 0 0 0 0 
0 0 0 0 0 0 0 
0 0 0 0 0 0 0 

0 0 0 0 0 0 0 
0 0 0 0 0 0 0 
0 0 0 0 0 0 0 
0 0 0 0 0 0 0 
0 0 0 0 0 0 0 
0 0 0 0 0 0 0 
0 0 0 0 0 0 0 

0 0 0 0 0 0 0 
0 0 0 0 0 0 0 
0 0 0 0 0 0 0 
0 0 0 0 0 0 0 
0 0 0 0 0 0 0 
0 0 0 0 0 0 0 
0 0 0 0 0 0 0 

0 0 0 0 0 0 0 0 0 
0 0 0 0 0 0 0 0 0 
0 0 0 0 0 0 0 0 0 
0 0 0 0 0 0 0 0 0 
0 0 0 0 0 0 0 0 0 
0 0 0 0 0 0 0 0 0 
0 0 0 0 0 0 0 0 0 
0 0 0 0 0 0 0 0 0 
0 0 0 0 0 0 0 0 0 

0 0 0 0 0 0 0 0 0 
0 0 0 0 0 0 0 0 0 
0 0 0 0 0 0 0 0 0 
0 0 0 0 0 0 0 0 0 
0 0 0 0 0 0 0 0 0 
0 0 0 0 0 0 0 0 0 
0 0 0 0 0 0 0 0 0 
0 0 0 0 0 0 0 0 0 
0 0 0 0 0 0 0 0 0 

0 0 0 0 0 0 0 0 0 
0 0 0 0 0 0 0 0 0 
0 0 0 0 0 0 0 0 0 
0 0 0 0 0 0 0 0 0 
0 0 0 0 0 0 0 0 0 
0 0 0 0 0 0 0 0 0 
0 0 0 0 0 0 0 0 0 
0 0 0 0 0 0 0 0 0 
0 0 0 0 0 0 0 0 0 

0 0 0 0 0 0 0 0 0 0 0 
0 0 0 0 0 0 0 0 0 0 0 
0 0 0 0 0 0 0 0 0 0 0 
0 0 0 0 0 0 0 0 0 0 0 
0 0 0 0 0 0 0 0 0 0 0 
0 0 0 0 0 0 0 0 0 0 0 
0 0 0 0 0 0 0 0 0 0 0 
0 0 0 0 0 0 0 0 0 0 0 
0 0 0 0 0 0 0 0 0 0 0 
0 0 0 0 0 0 0 0 0 0 0 
0 0 0 0 0 0 0 0 0 0 0 

null

null

null

null

null

null

null

null
